#Plant
122,141,59	122,141,59	125,143,61
121,143,60	121,140,58	121,140,58
121,143,61	118,140,57	118,137,55
83,95,33		87,99,37		85,97,35
85,96,36		81,93,31		84,96,34
82,93,33		84,95,35		88,100,38
205,217,155	200,214,153	197,211,150
203,215,153	201,213,149	201,215,154
200,212,148	201,213,147	201,216,151
173,184,105	165,176,97	165,178,98
164,175,96	164,175,96	166,179,99
167,180,100	163,176,96	168,181,101


#Background
31,38,31		30,36,32		28,37,32
29,36,29		30,36,32		29,35,33
29,34,30		27,33,29		29,35,33
219,228,245	220,229,244	219,228,243
218,227,244	220,229,244	221,230,245
218,227,244	220,229,246	220,229,246
104,113,122	103,110,120	102,109,119
106,115,124	104,111,121	104,111,121
104,113,122	106,115,124	105,114,123
232,238,252	231,237,253	231,237,253
232,238,252	231,237,253	232,238,254
231,237,251	232,238,254	231,237,253
132,133,151	142,143,161	145,147,162
134,135,153	128,130,145	126,127,145
158,161,176	124,127,144	114,115,135
77,65,51		83,69,58		80,66,55
85,71,58		88,74,61		88,74,61
87,69,57		92,74,62		87,71,58
